JJ O3o O3p TEMPE RMH2O NO2 STATION FF
F 91 93.2 21.5 0.00847 1.602 Aix 9.5
F 100 104.6 20.2 0.00881 2.121 Aix 8.01
S 82 103.6 17.4 0.00951 1.657 Aix 9.3771
S 94 94.8 18.8 0.00855 2.35 Aix 9.4578
S 107 99 23.7 0.00731 1.653 Aix 7.8791
S 150 114.3 23.6 0.01182 5.316 Aix 6.3127
S 164 127.7 26.6 0.00937 2.841 Aix 4.8042
F 135 164.3 23.5 0.01087 15.733 Aix 4.8795
F 121 144.1 23.3 0.01168 8.807 Aix 5.1088
S 129 112.8 23.7 0.01091 18.911 Aix 5.4406
S 118 72.6 22.2 0.01626 4.258 Aix 5.9641
S 48 146 14.3 0.01453 13.664 Aix 5.8034
S 97 87.5 18.5 0.00959 4.126 Aix 7.5273
F 83 158.9 15.4 0.01456 10.254 Aix 2.5942
F 73 112.6 19.6 0.0122 1.955 Aix 8.8752
S 91 76.9 21.7 0.00685 1.382 Aix 12.3004
S 70 81.8 24.4 0.0089 1.567 Aix 9.5
S 125 178.6 24.8 0.01206 8.216 Aix 6.5192
S 168 127.9 28.2 0.01387 4.632 Aix 7.1309
S 113 109.3 26 0.0122 12.29 Aix 5.9816
F 118 113 26.2 0.01064 4.615 Aix 6.2769
F 130 136.3 27.2 0.00912 4.276 Aix 6.0033
S 179 141.1 27.8 0.0101 7.656 Aix 5.1313
S 196 131.4 29.1 0.00919 5.208 Aix 6.0902
S 160 141.1 29.5 0.01033 5.043 Aix 6.1221
S 180 163.6 29.5 0.00789 8.52 Aix 5.5227
S 103 141.6 29.1 0.00663 6.654 Aix 5.2839
F 214 159.9 33.2 0.01431 4.122 Aix 7.2615
F 178 138.1 30.5 0.01509 6.835 Aix 6.0877
S 160 155.1 30.9 0.01526 2.489 Aix 7.2422
S 131 140.5 30.2 0.00877 3.026 Aix 9
S 169 149.9 30.2 0.01134 2.198 Aix 5.7801
S 139 92.5 26 0.01426 23.822 Aix 5.36
S 104 97.9 25.4 0.00884 1.816 Aix 12.3907
F 127 96.1 26.2 0.00712 1.78 Aix 6.2266
F 163 123.7 25.4 0.01058 2.701 Aix 6.3008
S 121 146.2 23.3 0.01343 18.234 Aix 4.7854
S 93 126.1 26.6 0.01217 3.187 Aix 6.0133
S 108 122.4 22.1 0.01872 8.698 Aix 6.4444
S 91 99.7 24.7 0.00754 2.109 Aix 11.2058
S 129 122.4 24.5 0.00921 5.359 Aix 6.9354
F 89 146.5 24.9 0.01134 2.336 Aix 6.5765
F 145 145.2 28.1 0.01342 4.691 Aix 7.4653
S 124 127.3 28 0.01123 6.486 Aix 7.1344
S 132 125.9 26.9 0.01173 9.414 Aix 6.2936
S 96 183.4 26.3 0.01483 4.334 Aix 5.4452
S 116 117 28.9 0.01007 2.743 Aix 6.36
S 132 128.4 30 0.01023 2.81 Aix 6.562
F 93 74.1 24.9 0.00984 1.045 Aix 9.426
S 117 159.1 20.1 0.01962 3.127 Aix 5.4626
S 96 143.3 23.7 0.01534 2.125 Aix 12.1017
S 111 119.9 28.4 0.01138 1.823 Aix 10.6042
S 184 168.5 29 0.009 3.827 Aix 6.7119
F 170 133.4 28.3 0.01188 4.647 Aix 6.7231
F 148 125.6 28.5 0.01537 11.48 Aix 4.6615
S 109 154.3 31.1 0.00833 3.415 Aix 5.8669
S 222 133.9 29.5 0.01456 3.339 Aix 5.7079
S 80 72.6 27.6 0.01205 1.051 Aix 12.4483
S 108 105.7 25.8 0.01035 1.704 Aix 12.5607
S 156 137.1 28.6 0.01256 2.686 Aix 5.5731
F 126 136.8 27.1 0.0138 7.755 Aix 6.2968
F 130 150.6 26.6 0.01577 4.65 Aix 5.6851
S 182 229.2 22.1 0.02486 18.303 Aix 5.0931
S 107 147.6 24.7 0.01716 6.163 Aix 5.4818
S 148 155.2 30 0.01172 5.587 Aix 6.044
F 171 163.9 30.3 0.01441 7.945 Aix 6.162
S 157 148.5 32.2 0.01424 4.842 Aix 6.5947
S 181 146.6 32.7 0.01151 5.193 Aix 7.0831
S 155 157.5 32.2 0.0179 5.705 Aix 5.7689
S 191 149.6 31.8 0.0152 7.863 Aix 6.3702
F 202 143.2 32.5 0.01549 4.628 Aix 7.161
F 176 128.5 31.6 0.01332 4.274 Aix 7.1028
S 183 184 32.8 0.01814 4.56 Aix 7.4404
S 255 191.2 34.1 0.01693 10.559 Aix 7.0725
S 185 176.9 32.6 0.02004 10.608 Aix 7.2863
S 193 207.7 32.5 0.01941 8.263 Aix 6.7417
F 197 205.9 32.1 0.01722 7.736 Aix 6.5307
S 136 126.1 32.5 0.01247 1.968 Aix 7.9076
F 141 91.8 23.3 0.00714 13.654 Aix 6.0803
S 103 130 25.1 0.00431 6.631 Aix 6.1033
S 90 95.8 21.1 0.00442 2.756 Aix 8.6833
F 91 121.5 18 0.00558 3.785 Aix 12.5495
S 93 110.1 19.8 0.00373 4.416 Aix 7.3055
S 93 163.1 19 0.0069 30.934 Aix 3.9319
S 119 119.4 20.9 0.00414 4.848 Aix 4.3463
S 124 129.6 22 0.00569 2.584 Aix 7.518
F 87 102.5 18.9 0.00956 4.836 Aix 5.3535
F 107 116.9 20 0.00637 6.632 Aix 6.3789
S 106 81.4 14.5 0.00969 22.496 Aix 0.9434
S 77 122 16 0.01097 4.776 Aix 3.9205
S 82 101 15.6 0.00599 3.834 Aix 11.9808
S 93 131.5 22.9 0.00404 5.167 Aix 5.9464
S 117 118.1 21.6 0.0065 19.528 Aix 6.4382
F 115 93.4 22 0.00555 12.768 Aix 6.1294
F 117 134.9 23.2 0.0054 2.606 Aix 4.826
S 87 102 20.5 0.00635 2.886 Aix 11.6825
S 111 117.9 24 0.00669 4.662 Aix 6.0166
S 116 169.5 24.8 0.0119 11.374 Aix 4.7011
S 144 190.1 24.5 0.01167 7.578 Aix 5.0567
S 155 150.8 25.3 0.01021 9.947 Aix 5.5866
F 183 155.1 25.1 0.01015 5.715 Aix 5.7585
F 134 158 25.5 0.01045 6.063 Aix 5.0606
S 82 115.9 27.3 0.01517 2.534 Aix 9.6177
S 90 106.7 24.3 0.01129 5.547 Aix 5.0912
S 151 148.9 25 0.0095 4.297 Aix 5.101
S 188 167.8 24 0.01242 3.99 Aix 2.8071
S 142 170 24.9 0.01156 3.398 Aix 4.4598
F 85 127.8 26.3 0.00439 2.868 Aix 7.4404
F 90 94.9 25.5 0.00407 3.212 Aix 10.3856
S 68 101.6 25.4 0.00597 3.125 Aix 11.7456
S 98 123.6 19.5 0.00778 6.765 Aix 7.0292
S 111 106.3 21.9 0.00495 3.546 Aix 5.8189
S 131 145 20.2 0.00686 5.6 Aix 6.6129
F 102 132.8 20 0.00772 10.051 Aix 6.0877
F 112 122.4 21.8 0.00688 6.876 Aix 6.2097
S 104 137.2 25 0.00809 4.961 Aix 6.691
S 109 156.4 25.7 0.00717 4.264 Aix 6.0415
S 117 124.2 28.5 0.00827 2.455 Aix 6.7417
S 139 178.4 29.3 0.00922 3.877 Aix 6.5307
F 229 173.2 28.6 0.00977 5.366 Aix 5.6436
S 169 194.6 27.5 0.01235 4.596 Aix 4.3863
S 122 177.1 29.3 0.01167 4.776 Aix 5.8669
S 163 188.8 27.3 0.01504 4.38 Aix 1.5811
S 123 163.7 27.6 0.01125 8.893 Aix 4.3417
S 116 153.5 28.2 0.01078 14.289 Aix 6.7201
F 117 152 28.4 0.00954 11.102 Aix 6.229
F 118 160.1 30.3 0.00878 7.62 Aix 6.3253
S 115 165.8 31.1 0.0083 8.147 Aix 6.49
S 97 141.2 30.8 0.00924 9.569 Aix 6.825
S 82 146.8 27.1 0.01244 7.886 Aix 6.1522
S 116 107.4 27.7 0.00828 2.518 Aix 8.3024
S 64 104.7 26 0.01025 2.053 Aix 8.8051
S 81 111.2 25.8 0.00626 3.135 Aix 8.8204
F 102 128.3 24 0.00658 2.539 Aix 9.0802
F 89 144.3 25.6 0.00742 2.16 Aix 5.9816
S 124 141.6 30 0.00863 2.542 Aix 5.7009
S 139 186.2 28.1 0.00844 5.222 Aix 6.3695
S 176 170.3 27.1 0.01128 3.391 Aix 3.6056
F 148 176.6 27.2 0.00896 8.967 Aix 6.3702
S 156 166.6 27.4 0.00897 13.771 Aix 6.4351
F 123 142.4 30.2 0.01025 17.158 Aix 7.1344
F 149 244.1 33.3 0.00782 9.755 Aix 5.7009
S 120 227 23.9 0.01232 17.013 Aix 3.467
S 77 121.2 25.9 0.00929 4.712 Aix 8.1025
S 107 98.2 29.8 0.0043 3.937 Aix 11.5256
S 83 98.5 30.5 0.00619 3 Aix 12.1622
S 120 109.1 29.6 0.00375 3.605 Aix 10.9786
F 96 159.1 27.6 0.00608 3.907 Aix 7.0029
F 98 143.7 27.8 0.00909 13.958 Aix 6.1847
S 102 144.5 27.9 0.01151 15.724 Aix 6.3411
S 144 253.4 29.1 0.00913 17.967 Aix 5.6727
S 103 151.7 30.3 0.00995 9.202 Aix 6.8154
S 113 150.3 31.4 0.01004 7.685 Aix 7.0214
S 115 207.2 30.5 0.01224 7.961 Aix 5.8241
F 117 122 29 0.00701 2.961 Aix 7.6538
F 93 102.7 26.5 0.0044 3.172 Aix 8.3648
S 93 132 29.8 0.00476 3.34 Aix 6.2514
S 100 149.8 23.9 0.01123 2.643 Aix 5.0329
S 97 122.8 26.2 0.00743 3.118 Aix 14.2948
S 101 98.4 26.2 0.00428 3.778 Aix 14.1767
S 98 93.9 29.8 0.00464 3.572 Aix 10.8904
F 83 98.9 30 0.00518 1.852 Aix 10.4019
F 74 79.6 26.8 0.00629 2.079 Aix 12.14
S 118 103.7 27 0.00364 3.122 Aix 5.5902
S 109 126.7 25.1 0.00672 12.365 Aix 6.8819
S 99 241.6 23.1 0.0138 9.918 Aix 3.9825
S 85 102.3 28.6 0.00453 3.159 Aix 9.9765
F 92 78.5 28.6 0.00483 2.515 Aix 9.4403
F 92 100.2 28.4 0.00638 2.603 Aix 7.5007
S 109 135.6 26.4 0.00556 12.93 Aix 6.4444
S 117 128.4 27.2 0.00985 5.479 Aix 6.6287
F 91 118.1 24.1 0.0058 2.606 Aix 7.1449
F 69 131.4 19.6 0.00902 4.453 Aix 6.5
S 83 126.5 23 0.00866 3.837 Aix 14.0014
S 71 103.9 25.9 0.00462 2.839 Aix 10.6832
S 105 147.6 26.4 0.00827 5.04 Aix 5.41202
S 108 120.4 24.5 0.00693 7.581 Aix 6.73573
S 86 113.9 26.1 0.00779 5.063 Aix 5.93633
F 26 187.3 21.7 0.01044 20.248 Aix 4.12311
F 79 149.8 24 0.01226 5.145 Aix 2.69072
S 109 176.3 25.6 0.01088 6.182 Aix 6.31981
S 138 192.4 27.2 0.00929 5.561 Aix 5.91692
S 126 153.9 27.4 0.0065 10.126 Aix 5.63649
S 100 132.1 25.6 0.01043 15.658 Aix 6.30079
S 133 183.6 28.8 0.00874 15.225 Aix 5.45894
F 112 157 28.4 0.00932 7.958 Aix 5.76975
F 110 130.5 27.6 0.00816 11.647 Aix 5.59732
S 104 90.2 21.2 0.01293 4.083 Aix 9.80306
S 71 85.1 19.5 0.01333 4.528 Aix 7.0214
S 86 92.6 19.9 0.01301 18.337 Aix 2.96816
F 84 66.9 21 0.01359 9.213 Aix 2.30217
S 75 91.5 21.5 0.00773 4.522 Aix 5.72713
S 96 118.6 21.2 0.01044 11.1 Aix 4.68615
S 87 116.8 24.6 0.00992 5.553 Aix 5.73847
S 105 148.4 25.9 0.00956 9.34 Aix 4.00125
S 60 75.8 17.9 0.00799 9.915 Aix 2.77308
S 112 139.6 20.4 0.00741 8.124 Aix 4.20476
S 117 154.7 20.4 0.00663 31.114 Aix 3.80789
F 105 152.6 20.4 0.00975 18.402 Aix 2.65707
F 46 67.2 15 0.00978 0.708 Als 4.44072
F 92 82.7 18 0.01055 0.811 Als 3.96232
S 68 100.1 15.8 0.00932 2.41 Als 0.41231
S 85 80.5 17.1 0.01091 0.713 Als 3.61248
S 96 74.8 18 0.00896 0.499 Als 5.21728
S 114 56.1 19.7 0.00894 1.065 Als 1.97231
S 127 72.2 21.5 0.00995 1.045 Als 3.2249
F 140 123.2 22.3 0.00865 13.882 Als 5.66392
F 131 98 23.6 0.01013 4.596 Als 6.88186
S 84 126.5 23.9 0.01314 2.982 Als 1.52315
S 126 211.7 26 0.01719 5.682 Als 3.70135
S 102 98.5 22.4 0.01615 1.31 Als 3.16228
S 75 118.5 19.8 0.01496 3.347 Als 4.3566
S 79 88.2 18.1 0.01299 1.076 Als 5.99333
F 99 81.8 20.5 0.0117 1.101 Als 1.30384
F 92 119.8 20.7 0.01192 1.407 Als 2.88444
S 70 69.4 17.6 0.00882 0.567 Als 6.92315
S 70 66.7 19.4 0.01192 0.657 Als 2.97321
S 73 58.4 22.3 0.01489 1.064 Als 2.8178
S 64 75.4 23.9 0.01404 0.922 Als 6.60303
S 120 103.9 27.1 0.01399 5.676 Als 0.6
F 62 82.2 26.4 0.02058 1.103 Als 3.02655
F 101 74.1 26.2 0.01725 1.676 Als 2.06155
S 166 143.5 32 0.01734 8.674 Als 1.69706
S 239 133.5 34.7 0.01906 6.254 Als 0.5
S 184 183.8 29.2 0.02153 4.026 Als 4.38292
S 87 100.1 25.2 0.02475 1.78 Als 5.09215
S 103 127.7 25.1 0.02183 2.528 Als 1.14018
F 134 80.9 27.2 0.01876 1.54 Als 1.48661
F 98 105 27.8 0.01808 3.178 Als 0.36056
S 124 113.8 23.3 0.01488 3.849 Als 2.7313
S 146 119.2 23.1 0.01047 3.831 Als 3.52278
S 154 100.2 26.6 0.01173 1.357 Als 2.12132
S 118 73.5 25.4 0.00992 0.592 Als 5.96657
S 98 60.8 19.5 0.00972 0.724 Als 5.29528
F 95 48.8 18.6 0.00919 0.39 Als 4.62277
F 110 80.8 21.4 0.01089 0.702 Als 4.52217
S 117 86.5 25.8 0.01029 0.828 Als 4.08044
S 63 63.3 18.8 0.01252 0.771 Als 6.22896
S 69 51 20.1 0.0157 0.885 Als 8.62148
S 76 77.8 18.2 0.01366 0.87 Als 5.09902
S 109 108.8 23 0.01226 2.664 Als 0.31623
F 79 66.3 20.1 0.01488 0.649 Als 3.45398
F 81 77.4 22.4 0.01368 1.225 Als 1.45602
S 127 126.3 29.1 0.01264 3.341 Als 0.7
S 79 159.2 30.1 0.01376 1.66 Als 2.76586
S 59 83.9 19 0.01388 0.754 Als 5.37122
S 97 68.1 21.6 0.01166 0.676 Als 2.6
S 132 193.6 25 0.01367 5.321 Als 3.20156
F 84 104.3 23 0.01309 0.989 Als 0.9434
S 27 122.7 22.1 0.02082 2.742 Als 2.14009
S 31 84.2 18 0.01849 1.264 Als 3.33766
S 69 59.1 19.4 0.01456 4.062 Als 3.04138
S 107 79.5 21.6 0.01206 3.704 Als 3.36155
F 135 116.7 27.6 0.01025 1.039 Als 2.40832
F 99 96.8 24.8 0.00896 0.793 Als 7.21249
S 116 77.6 21.5 0.01156 0.684 Als 3.70135
S 120 80.7 24.7 0.01293 0.79 Als 4.52769
S 71 119 23.8 0.01287 1.036 Als 6.08276
S 91 139.3 21.8 0.01134 1.535 Als 3.7855
S 86 121.8 22.4 0.01419 1.595 Als 2.37697
F 126 125.1 25.7 0.01703 2.097 Als 6.12209
F 114 142 27.2 0.01572 2.629 Als 5.72014
S 139 159.2 29.1 0.01723 3.9 Als 4.67547
S 142 185.7 29.7 0.0188 3.962 Als 4.245
S 92 115.6 24.2 0.01843 1.279 Als 2.69072
S 163 97.7 29.5 0.01351 0.955 Als 3.78021
F 173 124.6 32.9 0.01446 1.141 Als 3.05287
F 169 153.2 35 0.01539 1.762 Als 2.95466
S 210 135.2 35.6 0.014 1.14 Als 4.2638
S 226 125.7 36.2 0.01295 0.736 Als 5.73149
S 206 132.6 34.4 0.0097 1.662 Als 4.96488
S 214 117.5 35.7 0.00912 1.737 Als 4.03113
S 161 140.6 36.3 0.0138 0.789 Als 4.245
F 185 137.4 36.4 0.01607 1.841 Als 3.36155
F 147 154 34.8 0.0133 2.693 Als 3.64005
S 208 125.9 33.2 0.0071 1.452 Als 3.74833
S 219 173.9 36.8 0.0099 2.994 Als 2.19317
S 204 132.4 37.4 0.01181 0.697 Als 4.92544
S 157 138.6 29.5 0.01754 1.616 Als 4.17732
F 139 76.6 25 0.01029 1.301 Als 5.1
F 156 128.6 27 0.01169 2.17 Als 5.39073
F 168 155.8 31.7 0.01598 2.958 Als 4.005
S 98 83.5 24.4 0.0162 0.95 Als 8.13941
S 114 90.5 27.2 0.01411 0.557 Als 3.44819
F 126 61.5 26.4 0.00714 2.918 Als 3.53553
S 113 112.4 27.7 0.00728 1.68 Als 6.4195
S 66 79 15.1 0.00751 1.399 Als 6.13922
F 60 102.4 14.6 0.00827 2.078 Als 0.53852
F 79 78 12.6 0.00769 1.193 Als 9.97246
F 80 78.5 10.9 0.00567 1.495 Als 6.08358
S 99 74.9 12.4 0.00517 0.997 Als 3.60555
S 82 78.2 13.4 0.00376 1.167 Als 1.43178
S 92 82.6 13.9 0.0033 1.51 Als 4.62277
S 99 78.5 17.5 0.00425 1.535 Als 8.45044
F 69 82.4 14.8 0.0098 1.75 Als 9.41116
F 95 75.7 16.7 0.0049 1.579 Als 2.92746
S 71 99.8 17.6 0.00601 2.443 Als 4.50444
S 74 78.2 14.2 0.00735 2.505 Als 5.25547
S 83 76.3 15 0.00448 1.533 Als 3.58469
S 92 94.8 17.2 0.00559 2.209 Als 1.33417
S 99 64 22.7 0.00783 2.681 Als 2.55539
F 91 77 19.2 0.01011 2.058 Als 2.86007
F 79 56.4 16.1 0.00945 2.418 Als 1.2083
S 58 55.6 14.5 0.01327 1.994 Als 5.80517
S 101 73.4 19.4 0.0096 1.422 Als 2.26274
S 100 106 24.5 0.01034 1.918 Als 2.90689
S 149 128.2 28.3 0.01325 2.959 Als 1.9105
S 140 155.6 30.7 0.01532 2.2 Als 2.5632
F 141 115.1 31.1 0.01759 2.204 Als 2.77849
F 178 126 29.6 0.01802 1.582 Als 3.7108
S 54 103.2 19.6 0.01722 1.65 Als 6.64078
S 103 94.3 17.6 0.0098 1.582 Als 1.62788
S 129 100.4 23.2 0.00671 1.416 Als 3.80789
S 132 107.5 28.2 0.00777 2.109 Als 4.46542
F 81 100.3 19.7 0.00746 1.049 Als 7.61577
F 76 101.2 20.2 0.00602 0.907 Als 6.67608
S 46 97.7 18.1 0.00831 1.839 Als 6.30317
S 80 81.8 17.5 0.00377 0.887 Als 5.18941
S 91 101.3 17.9 0.00555 1.228 Als 5.51543
S 109 103.8 19 0.00706 1.446 Als 1.40357
F 51 63.4 16.5 0.00747 2.396 Als 1.02956
F 101 78.4 18.9 0.00627 1.776 Als 1.21655
S 121 85.9 21.9 0.00683 0.915 Als 2.10238
S 132 114.8 24.6 0.00754 1.959 Als 1.58114
S 92 103.6 25 0.00865 1.126 Als 2.60768
S 94 90.9 26.4 0.01211 0.994 Als 3.50143
F 124 94.3 26.2 0.00714 1.826 Als 6.71193
F 124 91.8 27.8 0.00726 1.263 Als 7.64003
S 162 146.4 30.9 0.00779 2.048 Als 6.12944
S 174 132.8 31.4 0.00948 2.243 Als 3.55106
S 164 134 29.3 0.00779 1.466 Als 4.24382
S 196 138.6 30.7 0.00846 1.584 Als 4.87032
S 179 141.8 32.6 0.01084 1.308 Als 3.19061
F 84 107.1 23.9 0.01372 1.519 Als 4.81041
F 156 143.8 27.3 0.01092 2.171 Als 2.40416
S 152 148.8 29.8 0.0106 1.636 Als 1.3
S 215 156.3 30.8 0.01082 2.578 Als 4.51885
S 78 113.8 27.6 0.01196 1.337 Als 4.30116
S 94 84.7 23.1 0.011 0.945 Als 5.02892
S 73 78.3 21.1 0.00831 0.932 Als 6.23939
F 59 52.5 20.7 0.01222 1.577 Als 3.11127
F 99 157.4 25.9 0.01228 3.235 Als 1.14018
S 53 101 17.4 0.01132 1.505 Als 8.15414
S 44 71.5 19.8 0.01089 1.07 Als 5.34509
S 48 89.1 16.7 0.00853 1.514 Als 5.004
S 63 88.4 17 0.00891 1.385 Als 1.64012
F 117 121.4 21.1 0.00995 1.758 Als 5
F 109 93.5 24.3 0.01412 1.454 Als 5.81808
S 73 111 26.2 0.00896 1.419 Als 6.17414
S 131 105.2 26.3 0.01053 1.324 Als 6
S 142 105.7 28.6 0.00814 1.414 Als 5.73062
F 181 126 29.9 0.00765 2.989 Als 2.59615
S 150 104.6 30 0.01184 2.287 Als 4.03113
F 128 107.8 25.6 0.0143 1.356 Als 5.71402
F 119 148.6 29 0.00699 1.799 Als 4.11825
S 98 133.9 28.5 0.01 1.391 Als 7.59539
S 82 98 21.4 0.00962 1.446 Als 6.77791
S 60 86 23.2 0.00892 1.396 Als 8.59593
S 93 92.7 21.2 0.01049 1.255 Als 6.62118
S 36 85.1 21.6 0.00991 0.902 Als 5.34509
F 94 95.5 22.3 0.00691 0.745 Als 3.00167
F 70 81.5 22.9 0.01066 1.746 Als 6.45368
S 45 59.9 21 0.01082 2.112 Als 7.35731
S 82 71.7 23.5 0.01149 1.26 Als 2.59422
S 142 157.7 29.6 0.01427 4.596 Als 0.14142
S 131 82.2 30 0.01318 2.72 Als 1.07703
S 125 103.9 28.4 0.01115 1.361 Als 4.70106
F 65 89.1 23.3 0.01048 0.817 Als 5.51453
F 87 80.4 22.7 0.00783 0.812 Als 4.66476
S 96 101.4 23.8 0.00805 1.851 Als 1.50333
S 35 87.8 20.3 0.00931 1.528 Als 4.60977
S 103 95.1 23.3 0.00701 0.873 Als 5.10392
S 79 89.6 22.1 0.00733 0.831 Als 2.81603
S 88 76.6 22.8 0.00924 1.555 Als 5
F 70 75.4 18.4 0.00702 1.193 Als 4.07185
F 72 59.5 15.2 0.00858 1.246 Als 2.43516
S 64 50.6 19 0.00619 0.62 Als 5.54437
S 90 74.5 21 0.00742 0.968 Als 3.00167
S 66 78.8 21.4 0.00824 1.361 Als 3.08058
S 57 85 23.5 0.01027 1.306 Als 4.12311
F 92 76.9 21.9 0.00804 1.064 Als 3.72022
F 67 53.5 19.2 0.00897 0.782 Als 6.72681
S 101 114.5 25.2 0.00974 2.409 Als 6.26259
S 98 60.2 23 0.01359 1.736 Als 5.80086
F 74 97 22.3 0.00919 1.35 Als 1.11803
F 61 96.8 18.5 0.01269 2.729 Als 3.1257
S 91 107.7 22.2 0.01255 1.659 Als 2.3
S 91 93 22.7 0.01069 1.289 Als 3.22025
S 78 87.7 21.7 0.01058 1.715 Als 2.60768
S 62 64.2 17.9 0.01195 2.114 Als 6.02163
S 68 93.5 19.6 0.00529 1.383 Als 4.65296
F 79 81.8 21.3 0.00641 1.254 Als 2.2561
F 103 96.7 23.4 0.00677 2.399 Als 4
S 120 144 26.4 0.00943 2.854 Als 5.06952
S 126 151.1 28.7 0.00947 2.519 Als 6.15549
S 144 180.5 28.7 0.00945 5.117 Als 2.69258
S 93 109.3 28.3 0.01268 1.681 Als 4.29535
S 109 93 26.6 0.01033 3.22 Als 1.98494
F 98 111.8 25.7 0.01056 1.814 Als 4.78017
F 102 128.7 27.2 0.00933 5.772 Als 5.39073
S 111 134.8 26.6 0.00703 5.738 Als 2.2
S 126 119.8 26.4 0.01124 3.86 Als 1.47648
S 156 117.5 28.1 0.01025 1.915 Als 4.10488
S 110 139.6 29 0.00966 2.97 Als 3.84708
F 78 101.7 25.4 0.01025 1.835 Als 3.27567
F 33 91.3 19.7 0.01281 2.272 Als 2.28254
S 58 80.5 19.5 0.01192 2.363 Als 2.41661
S 41 67.7 21.2 0.0097 4.203 Als 3.96232
S 87 110.2 23.4 0.00885 2.25 Als 5.69386
S 42 96.7 23.5 0.01019 2.519 Als 5.73062
S 39 51.7 12.7 0.00861 6.336 Als 4.20476
F 65 59.8 14.9 0.00484 4.398 Als 4.85489
S 65 83.2 16.9 0.00514 5.067 Als 2.24722
S 78 82.9 19.3 0.00469 4.741 Als 6.16117
S 57 104.9 19.4 0.00672 5.205 Als 4.51885
S 79 69.3 20.5 0.00708 3.934 Als 2.64008
F 101 111.2 19.3 0.00665 2.633 Als 4.15933
S 23 65.1 18.3 0.01106 2.519 Als 2.77849
S 19 48.2 20.5 0.00786 7.777 Als 3.58469
S 41 63.4 18.2 0.00655 1.795 Als 4.20119
S 52 58.8 15.5 0.00839 2.917 Als 6.2642
F 84 81.3 22.3 0.00904 0.785 Cad 9.3622
F 103 100.5 20.7 0.00748 0.981 Cad 9.4366
S 100 115.1 17.9 0.00816 0.811 Cad 9.4048
S 96 95 19.7 0.00726 0.743 Cad 10.9385
S 115 93.8 24.3 0.0071 0.788 Cad 9.7739
S 114 117.5 24.9 0.00909 1.109 Cad 7.6531
S 153 128.8 27.1 0.00937 1.194 Cad 4.6872
F 203 182 25.4 0.01275 5.952 Cad 6.1074
F 208 188 25.3 0.01184 7.85 Cad 6.7956
S 121 137.7 25.5 0.01141 10.433 Cad 6.1221
S 112 101.1 21.1 0.01706 1.154 Cad 6.8118
S 114 129.3 17.7 0.01684 3.685 Cad 2.9206
S 56 146.4 14.3 0.01488 2.988 Cad 5.2154
S 103 115.4 19 0.01088 1.922 Cad 8.5475
F 84 78.7 15.3 0.01547 0.84 Cad 1.6125
F 72 88.4 20.4 0.01315 0.76 Cad 8.1345
S 92 85.3 23 0.0069 0.854 Cad 11.0693
S 77 89.2 25.2 0.00922 0.953 Cad 9.2445
S 178 192.3 26.9 0.01209 5.783 Cad 7.6158
S 114 126.2 29.4 0.0117 1.363 Cad 7.7414
S 173 143.1 28.5 0.01208 5.686 Cad 6.9354
S 194 177.6 30.9 0.0101 6.974 Cad 6.3906
S 188 159.8 31.6 0.00888 4.145 Cad 7.8109
S 143 203.2 32.3 0.01132 6.198 Cad 6.4885
S 125 214.5 30.8 0.00733 4.045 Cad 6.4133
F 106 138 34.1 0.01192 1.112 Cad 7.5505
F 114 157.8 32.9 0.01569 3.481 Cad 7.1847
S 112 144.1 31.7 0.01414 1.918 Cad 7.7666
S 100 147.7 30.8 0.01047 1.7 Cad 9.6047
S 166 48.3 27 0.02361 1.488 Cad 3.1953
S 135 183 27.8 0.01463 7.783 Cad 5.8052
S 73 104.1 26.6 0.00891 1.151 Cad 11.9281
F 101 102.6 27 0.00727 1.027 Cad 7.311
F 117 108 26.1 0.01003 0.906 Cad 5.4745
S 118 146.9 24.8 0.01367 2.28 Cad 4.9659
S 74 129.9 26.5 0.01146 1.347 Cad 7.3682
S 108 148.6 24.4 0.01769 6.491 Cad 7.5769
S 64 100.2 26.6 0.008 1.063 Cad 11.0766
S 131 134.7 26.5 0.00937 4.539 Cad 7.7698
F 77 100.8 24.6 0.01033 0.875 Cad 7.9202
F 91 155.1 30.1 0.01152 2.396 Cad 7.0214
S 102 113.9 30.2 0.01037 0.922 Cad 5.1662
S 105 130.5 28.9 0.01219 1.757 Cad 4.1617
S 82 199.7 26.8 0.01421 2.838 Cad 6.9065
S 80 106.5 29.1 0.00923 1.106 Cad 8.36
S 89 119.6 29.8 0.00892 1.149 Cad 8.4593
F 70 73.9 25.5 0.01073 0.446 Cad 9.0377
S 94 137.6 20.3 0.01901 1.571 Cad 6.407
S 77 129.5 26.8 0.01463 1.6 Cad 8.9944
S 114 112.9 29.4 0.01169 0.867 Cad 10.3092
S 157 163.3 28.8 0.00785 1.878 Cad 7.7104
F 202 199.6 30.8 0.01222 3.813 Cad 8.3385
F 191 268.6 30.7 0.0148 7.332 Cad 5.728
S 112 151.5 31.9 0.00785 1.948 Cad 8.0623
S 189 179.9 30.5 0.01372 2.412 Cad 7
S 81 86.1 28.5 0.01048 0.568 Cad 12.8316
S 101 104.1 28 0.00958 1.197 Cad 10.6892
S 133 128.1 29 0.01221 1.477 Cad 4.7885
F 147 131 28.7 0.01414 2.595 Cad 7.2498
F 175 185.6 28.4 0.01535 2.914 Cad 6.4514
S 143 172.3 23.9 0.02753 1.996 Cad 5.4589
S 123 158.5 22.6 0.02186 2.948 Cad 5.7871
S 137 141.8 31 0.01065 2.276 Cad 7.278
F 224 157 32.2 0.01241 3.298 Cad 8.1271
F 182 175.2 32.5 0.01564 3.332 Cad 8.132
S 257 153.6 34.5 0.0104 3.863 Cad 8.5615
S 269 173.5 34.3 0.01386 4.062 Cad 8.4694
S 319 155.9 34.9 0.01142 2.87 Cad 8.3744
S 209 185.6 33.1 0.019 1.931 Cad 3.7014
S 209 174.6 30.4 0.02143 3.664 Cad 3.9395
F 175 157.8 33.1 0.01556 2.308 Cad 5.1788
F 208 141.3 33.4 0.0107 4.672 Cad 8.9694
S 185 182.1 34.9 0.01817 3.313 Cad 8.5796
S 254 211.2 36.3 0.01347 5.991 Cad 7.6968
S 296 189 35 0.01722 6.023 Cad 8.5088
S 201 203.9 34.3 0.01557 3.562 Cad 7.3926
F 168 168.5 33.6 0.01599 2.645 Cad 7.7466
F 102 161.9 32.3 0.01675 2.924 Cad 5.9682
S 137 134.1 30.2 0.01361 2.587 Cad 6.9893
S 134 120.5 32.8 0.01016 0.997 Cad 9.6338
F 141 110.3 26 0.00681 3.088 Cad 3.8079
S 114 123.8 26.2 0.00412 0.85 Cad 5.8421
S 97 90.6 22.4 0.00343 0.551 Cad 9.1417
F 108 118.9 21.3 0.0043 0.738 Cad 9.2957
S 99 112.9 21 0.00328 1.194 Cad 9.7082
S 135 127.8 18.8 0.00748 1.392 Cad 2.1024
S 118 122.2 21.5 0.00398 1.887 Cad 5.8009
S 130 131 20.6 0.00547 2.106 Cad 8.6452
F 105 85 17.3 0.01121 2.47 Cad 4.1593
F 113 111.9 19.3 0.00639 1.659 Cad 6.407
S 103 96.6 14.8 0.00983 1.327 Cad 2.6476
S 86 120.7 15.6 0.0101 0.971 Cad 6.5437
S 85 97.1 18.6 0.00718 1.269 Cad 8.7092
S 113 132.6 23.1 0.00444 2.065 Cad 6.5008
S 122 135.4 23.5 0.0062 6.268 Cad 7.4
F 127 113.4 24.9 0.00528 3.546 Cad 6.4661
F 123 129.4 22.5 0.00541 0.787 Cad 6.1847
S 93 100.3 21.9 0.0071 0.745 Cad 11.3217
S 114 124.3 24.4 0.0074 1.773 Cad 5.8215
S 201 188.4 26.5 0.01336 2.915 Cad 3.5903
S 207 217 26.6 0.01328 3.434 Cad 5.9211
S 169 150.4 27.6 0.01074 1.773 Cad 4.1183
F 183 164.1 26.5 0.01085 2.369 Cad 6.637
F 192 160.7 26.6 0.01089 2.296 Cad 7.0093
S 101 111.7 27.9 0.01428 0.946 Cad 9.5462
S 109 109.1 25.6 0.01166 1.611 Cad 3.4059
S 156 127.4 23.5 0.01279 1.429 Cad 2.7459
S 200 128.9 24.5 0.0117 0.894 Cad 2.7313
S 138 168.3 25.8 0.01003 1.773 Cad 3.3541
F 111 121 26.5 0.00417 0.964 Cad 7.4632
F 96 102.2 27.9 0.00474 0.856 Cad 9.4868
S 77 101.7 27.5 0.00566 1.009 Cad 9.6897
S 108 132.9 20.6 0.00656 3.218 Cad 7.8892
S 125 108.1 21.9 0.00477 1.628 Cad 6.5192
S 168 127.9 21 0.00494 1.539 Cad 7.506
F 135 135.9 20.9 0.00643 4.878 Cad 7.2014
F 137 128.5 23.8 0.00746 1.258 Cad 5.9464
S 137 126 25.4 0.008 0.756 Cad 7.7666
S 132 165.1 30.1 0.00804 1.27 Cad 6.5069
F 181 157.5 30.6 0.01108 1.435 Cad 6.5734
S 148 152.8 27.6 0.01221 1.097 Cad 2.2023
S 141 157.6 27.5 0.01324 1.964 Cad 3.7121
S 127 161.7 30 0.01018 2.069 Cad 4.9193
F 125 157.5 30.3 0.00847 2.922 Cad 7.2111
F 220 187.1 33 0.00793 3.844 Cad 6.9426
S 163 198.8 33.4 0.00757 9.536 Cad 7.2277
S 125 152.2 32.8 0.00821 4.81 Cad 8.9811
S 110 153 28.5 0.01098 3.088 Cad 7.3239
S 114 94.2 28.3 0.00655 0.797 Cad 10.4785
S 78 79.3 26.1 0.00473 0.702 Cad 11.3864
F 97 154.5 29.7 0.00658 2.851 Cad 6.8942
F 132 184.1 31.2 0.01022 3.083 Cad 5.1546
S 92 142.9 24.8 0.01375 3.305 Cad 6.7742
S 75 106.2 26.9 0.00844 0.99 Cad 9.8995
S 83 103 26.5 0.00561 0.889 Cad 10.139
F 111 122.2 24.4 0.00554 0.981 Cad 10.0807
F 101 128.9 24.7 0.00755 1.085 Cad 1.2369
S 123 134.4 29.9 0.00775 1.196 Cad 5.099
S 150 171.5 28.4 0.00774 2.17 Cad 7.1021
S 184 158.3 28.4 0.00881 1.122 Cad 0.6083
F 203 172.5 29.4 0.00883 2.544 Cad 6.8007
S 161 177.1 29.3 0.00831 5.405 Cad 7.209
F 170 174.1 33.8 0.00978 3.719 Cad 7.0385
F 217 221.1 35.1 0.00762 3.732 Cad 6.772
S 131 266.7 24.1 0.01355 5.625 Cad 3.2249
S 86 102.5 27.3 0.00836 1.128 Cad 9.3301
S 114 95.1 31.5 0.00481 1.029 Cad 10.0319
S 85 109.3 31.7 0.00651 1.109 Cad 10.2942
S 123 107.6 31 0.00458 0.981 Cad 10.1843
F 108 150.1 27.9 0.00484 1.635 Cad 8.1056
F 136 154.7 30 0.00811 3.482 Cad 6.7543
S 163 157.2 30 0.01076 2.81 Cad 7.0214
S 183 249.9 31.4 0.00923 4.311 Cad 7.3376
S 136 136.3 32.8 0.00985 0.822 Cad 4.7676
S 129 133.4 33.6 0.00923 0.83 Cad 5.9237
S 173 149.1 30.4 0.01098 1.421 Cad 7.1847
F 120 109.9 29.6 0.00607 0.893 Cad 8.6348
F 103 96.4 27 0.00372 0.838 Cad 10.2961
S 107 144.3 30.4 0.00496 1.819 Cad 7.0257
S 110 126.4 23.2 0.01239 1.03 Cad 2.5495
S 102 116.4 29.3 0.00713 1.353 Cad 10.7075
S 109 126.2 28.9 0.00549 1.668 Cad 10.8467
S 112 102.3 32.5 0.00481 1.507 Cad 7.0385
F 87 97.8 30.5 0.00393 0.643 Cad 10.6301
F 75 84 27.6 0.00598 0.843 Cad 10.9604
S 117 105.3 27.9 0.00285 1.536 Cad 4.2544
S 146 135.9 27.6 0.00649 3.168 Cad 6.9778
S 122 190.4 22.8 0.01417 2.995 Cad 4.2048
S 99 115 29.9 0.00515 1.109 Cad 7.0937
F 95 67.1 29 0.00468 0.583 Cad 10.3368
F 89 98.3 28.9 0.00589 1.009 Cad 9.9141
S 158 168.2 29.6 0.00478 4.514 Cad 4.8384
S 138 117.5 28 0.00843 1.293 Cad 6.7268
F 93 108.1 24.3 0.00575 0.524 Cad 6.8066
F 64 115.6 20.2 0.00999 1.394 Cad 3.2016
S 83 123 27.4 0.00801 1.458 Cad 8.9022
S 96 91.9 26.6 0.00522 0.657 Cad 10.2416
S 129 153.9 27.3 0.00847 1.938 Cad 6.1131
S 128 142 26.6 0.00697 4.37 Cad 7.1784
S 100 104.1 27.2 0.00807 1.929 Cad 6.7912
F 52 218.2 23.1 0.00952 6.148 Cad 5.8669
F 97 100.5 23.5 0.01128 1.073 Cad 4.6648
S 132 154.3 28.3 0.00892 2.248 Cad 2.2361
S 177 214 29.8 0.00907 3.615 Cad 5.5109
S 175 198.2 29.3 0.0069 7.02 Cad 7.1021
S 152 134.8 28.3 0.00857 4.684 Cad 6.14
S 214 212.2 31.1 0.0081 7.331 Cad 5.2469
F 209 175 30.4 0.00916 4.353 Cad 7.0456
F 164 141.4 29.4 0.0077 3.691 Cad 6.0083
S 110 137.6 24 0.00859 2.992 Cad 11.2201
S 104 103.7 20.8 0.013 1.551 Cad 9.3477
S 73 91.9 19 0.01288 1.998 Cad 6.5
S 114 78.5 19.7 0.01265 12.769 Cad 3.2202
F 87 81 21.6 0.01268 0.757 Cad 2.184
S 84 97 21.7 0.00838 1.728 Cad 4.4283
S 112 119.1 22.8 0.00896 3.543 Cad 3.1623
S 103 124.6 24.7 0.00977 2.02 Cad 4.5695
S 113 125.3 26.2 0.0098 2.6 Cad 5.022
S 74 55.5 18.3 0.00998 1.847 Cad 2.0248
S 119 127.6 20.5 0.00786 2.28 Cad 4.1049
S 146 144.9 21 0.00659 11.54 Cad 4.982
F 93 159.2 20.2 0.00986 8.893 Cad 3.0364
F 96 65.8 14.7 0.00974 1.331 Ram 6.6611
F 92 77.8 13.6 0.01268 1.248 Ram 7.8549
S 92 91.1 12.9 0.01227 1.518 Ram 4.1869
S 69 72.2 14.5 0.01368 2.105 Ram 7.2277
S 89 81.3 14.9 0.01034 1.524 Ram 4.3909
S 110 98.6 18.4 0.01032 1.849 Ram 3.9395
S 132 114.8 20.6 0.00982 4.694 Ram 2.7203
F 138 166.3 26.5 0.00813 12.191 Ram 4.78539
F 131 169.3 27.4 0.00988 2.264 Ram 1.70294
S 107 128.8 23.3 0.01412 1.807 Ram 2.80713
S 97 116.7 18.5 0.01524 2.629 Ram 2.69258
S 63 65.8 13.2 0.01447 13.93 Ram 9.10055
S 92 106.6 17.6 0.01157 1.813 Ram 4.61411
S 96 91.5 15.6 0.01191 1.895 Ram 5.71402
F 86 110.1 17.4 0.0116 2.067 Ram 4.30116
F 73 105.3 16 0.01001 1.543 Ram 7.00071
S 85 68.6 16.1 0.01134 1.294 Ram 6.02163
S 93 67 19.4 0.00932 1.029 Ram 6.58635
S 51 83.3 19.4 0.0143 1.791 Ram 6.35138
S 59 76.4 21.7 0.01558 1.541 Ram 5.40833
S 100 117.4 27.5 0.01994 3.045 Ram 4.03113
F 82 100 22.1 0.0147 2.097 Ram 3.77359
F 83 122.9 27.1 0.01348 1.613 Ram 2.92062
S 151 182.2 32.4 0.01859 2.264 Ram 3.33017
S 60 93.8 22.7 0.01625 2.055 Ram 7.31095
S 98 144.9 21.7 0.01323 11.024 Ram 3.49285
S 76 97.5 21.3 0.01437 2.076 Ram 3.55106
S 116 144.4 22.5 0.01514 2.175 Ram 2.14709
F 73 118.2 24.3 0.01582 1.807 Ram 4.07922
F 102 128.1 23.1 0.01044 3.243 Ram 4.219
S 115 98 22.3 0.01003 2.865 Ram 5.33667
S 135 138.6 22.1 0.00954 2.346 Ram 3.25576
S 124 144.7 24.4 0.00957 2.784 Ram 3.93954
S 90 82.5 21.6 0.01111 1.974 Ram 5.20096
S 94 66.5 18.6 0.00963 3.542 Ram 5.24023
F 116 66.7 19.3 0.00875 0.855 Ram 2.9
F 87 80.5 22.1 0.00948 0.936 Ram 4.13038
S 56 59.3 16 0.01593 1.739 Ram 7.71038
S 128 86.4 23.6 0.01406 1.977 Ram 7.49533
S 105 104.7 22.6 0.01499 2.472 Ram 4.39318
S 115 153.3 24.1 0.0113 6.935 Ram 5.09902
S 138 165.1 25 0.00962 9.132 Ram 4.38292
F 134 176.7 27.6 0.00963 2.519 Ram 2
F 96 92.8 22.1 0.01076 1.528 Ram 5.51543
S 113 131 23.2 0.00899 2.947 Ram 3.66879
S 73 100 25.8 0.01349 1.513 Ram 4.72017
S 85 92.8 23.5 0.00959 1.275 Ram 6.5192
S 73 93.3 20.4 0.01336 1.293 Ram 3.75899
S 70 113.1 24.3 0.01541 1.867 Ram 2.22036
F 140 208.6 28.8 0.01585 6.357 Ram 3.20624
F 137 190.3 32.8 0.01665 2.097 Ram 0.82462
S 174 209.6 31.1 0.01839 2.469 Ram 2.74591
S 84 170.5 24.7 0.01505 2.04 Ram 4.13401
S 85 91.7 20.1 0.01343 0.943 Ram 4.43847
S 147 133.9 28.5 0.0118 2.161 Ram 0.98489
F 202 143.2 30 0.01441 3.243 Ram 3.33766
F 228 170.2 33.2 0.01517 7.947 Ram 3.40147
S 164 172.9 35.8 0.01307 11.809 Ram 3.98246
S 228 195.7 37.4 0.0152 8.508 Ram 5.4037
S 280 221.6 38 0.01418 9.192 Ram 4.95782
S 227 153.5 35.7 0.0197 2.635 Ram 6.772
S 276 223.5 34.7 0.01937 9.091 Ram 1.70294
F 221 158.7 35.6 0.01503 5.099 Ram 3.11448
F 163 164.7 36.8 0.01194 2.647 Ram 2.23607
S 155 162.6 36.6 0.01354 1.168 Ram 4.70106
S 183 133.8 37.9 0.01344 0.887 Ram 3.80789
S 169 128.6 33 0.01621 2.117 Ram 5.60357
S 175 193.3 29.4 0.01398 18.784 Ram 2.78927
F 140 114.2 24.3 0.01247 22.985 Ram 3.00167
F 169 132.9 27.1 0.01145 8.488 Ram 4.20119
F 146 137 27 0.01655 2.652 Ram 2.97321
S 103 112.6 21.3 0.01676 2.29 Ram 5.31507
S 93 73.1 24.5 0.01273 1.174 Ram 3.18277
F 100 87.4 23.6 0.00895 2.34 Ram 6.00083
S 103 103 21.2 0.01191 1.135 Ram 2.90172
S 79 87.8 12.3 0.00821 2.796 Ram 4.59674
F 97 79.8 14.3 0.00499 2.495 Ram 5.0774
F 99 74.8 14.4 0.0047 1.007 Ram 8.68217
F 90 66.6 13 0.00527 1.603 Ram 5.1614
S 105 74.2 12.8 0.00317 2.825 Ram 2.65707
S 92 80.7 12.9 0.00361 3.764 Ram 5.23927
S 99 87.9 14.2 0.00351 10.349 Ram 6.17738
S 110 97.1 17.5 0.00465 4.27 Ram 8.6885
F 48 58.4 11.9 0.00764 4.477 Ram 5.73149
F 96 96.1 15.2 0.00735 28.383 Ram 3.15753
S 83 86.7 15.8 0.0066 3.169 Ram 3.7
S 78 70 13.8 0.0049 2.492 Ram 5.2469
S 84 110.5 13.2 0.00395 11.161 Ram 0.7
S 84 76.4 16 0.00705 1.666 Ram 5.60803
S 78 85.5 20.1 0.00798 1.695 Ram 5.68507
F 75 74.9 17.6 0.00819 1.171 Ram 6.95701
F 80 64 15.7 0.00772 1.384 Ram 6.21289
S 89 70 13.6 0.0114 1.345 Ram 4.83011
S 95 86.5 16.5 0.00992 1.43 Ram 5.80086
S 98 132.2 23.5 0.0136 2.425 Ram 3.18277
S 127 167.1 28.9 0.01261 2.404 Ram 3.89487
S 134 147.6 30.6 0.01762 2.022 Ram 4.20119
F 77 86.6 24 0.01159 1.165 Ram 4.11096
F 53 84.3 17.6 0.01227 3.009 Ram 4.90918
S 91 75.2 16.1 0.01001 1.175 Ram 4.3382
S 88 112.5 16.7 0.01176 2.394 Ram 1.7
S 99 148.6 19.6 0.00693 3.622 Ram 1.56525
S 120 126.3 24.4 0.00944 1.692 Ram 3.41321
S 93 133.7 21.1 0.00966 1.376 Ram 3.52278
F 70 86.3 20.1 0.00618 0.877 Ram 7.40608
F 64 79.4 16.7 0.00575 1.098 Ram 4.82597
S 46 102.3 16.4 0.01022 3.519 Ram 2.40416
S 93 95.6 19.5 0.00422 15.09 Ram 5.09902
S 104 104.8 20.1 0.0054 7.237 Ram 5.46443
S 141 104.7 20.5 0.0062 8.504 Ram 4.1
F 97 58.6 18.5 0.00417 3.434 Ram 4.5618
F 100 100.2 19 0.00571 13.069 Ram 0.64031
S 90 84.4 19.8 0.00402 2.499 Ram 2.19545
S 70 110.9 15.2 0.00891 2.279 Ram 3.82099
S 83 107.3 22.9 0.00817 1.47 Ram 2.66833
S 67 132.6 26.1 0.01227 3.502 Ram 2.90689
F 95 124.7 28.2 0.01069 8.126 Ram 5.89406
F 142 129.2 29.7 0.00731 8.973 Ram 3.74833
S 134 185.3 31.1 0.01001 3.328 Ram 3.46699
S 145 118.2 26 0.00666 3.43 Ram 4.95782
S 201 209.3 28.7 0.00849 6.605 Ram 1.52643
S 143 165.2 27.8 0.01791 2.766 Ram 3.34215
F 118 147.4 25 0.01172 1.916 Ram 4.41022
F 115 181.7 27.2 0.01342 14.364 Ram 4.38634
S 146 178.1 30.8 0.0121 4.955 Ram 4.30465
S 82 110.1 30.7 0.01563 4.203 Ram 3.48281
S 95 119.2 23.3 0.01142 1.411 Ram 4.56508
S 69 81.8 21.2 0.01054 1.085 Ram 6.43817
S 65 91.9 18.8 0.01035 1.853 Ram 5.60357
F 88 125.4 26 0.00874 1.631 Ram 3.13847
F 90 121.9 28.6 0.00919 1.14 Ram 4.70425
S 78 66.5 16.9 0.00811 1.142 Ram 7.72334
S 60 75.1 18.8 0.00948 1.309 Ram 4.62709
S 65 74.2 18.3 0.00764 1.105 Ram 8.06226
S 74 100.6 18.6 0.00749 1.802 Ram 5.1225
F 102 133.7 19.3 0.00919 3.629 Ram 4.78539
F 125 130.3 24.4 0.00966 2.541 Ram 5.86941
S 134 124.3 26.1 0.00987 2.791 Ram 6.23618
S 129 141.2 26.6 0.00897 3.686 Ram 4.97695
S 171 144.1 26.6 0.01003 2.206 Ram 4.60109
F 191 200.4 27.8 0.00856 3.482 Ram 0.3
S 158 185 30.5 0.01197 2.225 Ram 4.29535
F 104 128.3 29.6 0.00776 2.831 Ram 3.10644
F 167 168.4 29 0.00648 12.671 Ram 2.6
S 103 110.5 19.1 0.01017 1.5 Ram 5.10882
S 75 82.6 19.6 0.0105 1.713 Ram 6.66108
S 48 93.8 22.3 0.01061 1.635 Ram 7.47061
S 81 90 24.2 0.00567 1.132 Ram 6.38905
S 112 134.9 24.5 0.00798 1.956 Ram 2.74591
F 83 151.1 22 0.00788 1.98 Ram 1.87883
F 55 103.1 17.8 0.0121 1.977 Ram 6.00333
S 70 86.7 22.2 0.01068 1.225 Ram 7.9555
S 60 160.7 20.1 0.01211 7.132 Ram 0.76158
S 94 209.9 26.7 0.01332 9.992 Ram 1.41421
S 97 93.3 24.1 0.01385 2.973 Ram 1.74642
S 79 84 19.1 0.01215 2.437 Ram 5.34883
F 87 76.1 18.2 0.00949 0.965 Ram 4.96488
F 63 75.3 18.5 0.01014 1.528 Ram 4.10122
S 66 108.4 18.1 0.01048 3.766 Ram 2.19545
S 114 105.1 21.2 0.01056 2.981 Ram 4.92443
S 68 85.5 23.1 0.00969 1.33 Ram 6.04649
S 88 77.7 21.1 0.00651 1.4 Ram 3.80132
S 38 75.3 22.5 0.00926 1.231 Ram 6.50308
F 84 74.5 20.2 0.00654 2.609 Ram 4.89183
F 94 70.2 20.5 0.00549 1.411 Ram 4.31856
S 80 66 20.4 0.00611 1.549 Ram 4.50444
S 92 109.8 22.3 0.00627 10.21 Ram 2.86531
S 83 121.9 25.1 0.00788 1.367 Ram 3.06105
S 73 63.3 23.9 0.00699 0.919 Ram 6.0803
F 77 73 23.5 0.00612 1.195 Ram 4.30116
F 66 63.6 18.3 0.00786 1.191 Ram 8.96939
S 127 131.3 26.3 0.00685 4.663 Ram 5.0636
S 92 110.1 17.2 0.01118 1.772 Ram 6.48845
F 55 107.8 18.2 0.00875 4.155 Ram 4.998
F 73 62.1 17.4 0.01087 7.597 Ram 5.19711
S 81 100.2 22.2 0.00902 1.545 Ram 9.32952
S 79 81.4 20.1 0.00659 5.142 Ram 4.68722
S 97 114.7 20.9 0.00583 1.614 Ram 5.64004
S 84 83.9 19.9 0.00813 1.616 Ram 7.71298
S 71 86.5 19.5 0.00578 1.463 Ram 4.33244
F 91 112.2 21.7 0.00552 1.834 Ram 0.53852
F 110 140.7 23.9 0.00608 11.722 Ram 1.65529
S 119 169 26.4 0.00699 21.26 Ram 1.6401
S 167 162.7 29.2 0.00722 6.809 Ram 3.8
S 131 168.6 31.2 0.00907 2.883 Ram 4.6043
S 93 134.1 25.2 0.00863 2.182 Ram 1.1662
S 115 119.2 25.3 0.00869 18.084 Ram 3.8588
F 128 122.4 28.3 0.00878 6.638 Ram 4.6011
S 63 89.1 22.2 0.01315 21.335 Ram 1.5
S 83 93.3 21 0.01155 5.685 Ram 1.8868
S 123 136.7 22.2 0.01254 10.535 Ram 0.6325
S 114 115.8 26.5 0.0084 1.814 Ram 2.5495
S 83 92.9 25.5 0.0109 1.388 Ram 3.9408
F 68 79.3 18 0.0101 4.062 Ram 4.6065
F 66 96.8 21.4 0.01014 3.339 Ram 6.2936
S 78 72.5 20.5 0.01263 14.676 Ram 6.3953
S 96 86.2 23.1 0.00861 11.377 Ram 2.816
S 109 116 25.1 0.00649 1.8 Ram 4.6615
S 55 82.5 25.1 0.0092 1.934 Ram 4.826
S 56 60.9 14.6 0.00777 8.655 Ram 5.3712
F 74 59 13.6 0.00665 2.771 Ram 6.2201
S 123 91.3 17.7 0.00583 8.499 Ram 2.4515
S 96 91.2 20.5 0.0051 44.396 Ram 2.5495
S 118 117.1 20.9 0.00441 13.233 Ram 2.4042
S 146 132.9 23.1 0.00593 4.057 Ram 5.14
F 68 70.4 17.5 0.00776 3.339 Ram 4.111
S 70 80.6 16.8 0.0082 5.832 Ram 3.8079
S 61 80.5 20.9 0.00545 2.931 Ram 4.9649
S 67 46.4 15.4 0.00706 3.905 Ram 4.272
S 78 53.9 16 0.00685 6.591 Ram 5.1
F 87 110.9 17.3 0.00943 1.791 Pla 12.7914
F 108 127.3 15.3 0.00867 6.115 Pla 11.2379
S 91 119.2 12.8 0.0097 1.42 Pla 12.9066
S 98 114.5 14.3 0.00895 2.976 Pla 13.507
S 114 133.3 18.7 0.00906 3.48 Pla 11.8596
S 133 147.1 18.9 0.01171 8.173 Pla 7.7621
S 158 186.3 20.4 0.01033 3.747 Pla 4.669
F 121 157.7 19.5 0.00965 0.617 Pla 4.6098
F 103 131.4 18.4 0.01156 0.798 Pla 4.5618
S 126 131.7 18.7 0.01063 0.31 Pla 5.0774
S 118 125.2 17.7 0.01349 0.902 Pla 11.2004
S 103 129.7 13.9 0.01379 0.408 Pla 4.4418
S 78 133.7 10.4 0.01273 2.016 Pla 8.0505
S 104 104.8 13.2 0.00922 2.246 Pla 9.6747
F 105 123.6 11.6 0.01462 1.395 Pla 3.8013
S 80 100.4 19.8 0.00958 1.589 Pla 11.9854
S 125 127.4 18.7 0.01505 0.867 Pla 4.1231
S 161 114.1 21.9 0.01365 1.197 Pla 6.7119
S 130 121.3 21.3 0.01277 0.626 Pla 4.0311
F 119 117.5 21.1 0.01109 0.681 Pla 4.5277
F 129 131.3 22.1 0.00959 0.838 Pla 4.0162
S 168 147.1 22.6 0.01256 0.356 Pla 2
S 237 140 24 0.01047 1.029 Pla 3.8471
S 146 160.2 24.5 0.01228 0.691 Pla 3.5114
S 150 154.8 23.8 0.00937 0.65 Pla 3.3615
S 119 132.4 23.4 0.00742 0.855 Pla 4.6325
F 227 148.7 26.3 0.0151 1.085 Pla 6.0745
F 172 143.8 25.1 0.01611 0.551 Pla 3.9825
S 219 243 25.7 0.0126 6.201 Pla 6.8066
S 142 152.1 25.8 0.00899 2.342 Pla 12.3847
S 157 236.9 24 0.0149 2.543 Pla 5.2479
S 136 127.5 21.2 0.01367 0.451 Pla 5.1225
S 113 117.4 21 0.009 0.697 Pla 18.4114
F 151 134.9 22.2 0.00747 5.036 Pla 8.3355
F 147 151 19.5 0.01163 2.727 Pla 5.9942
S 128 129.3 18.9 0.01332 0.655 Pla 4.3105
S 111 165 21.8 0.01273 6.699 Pla 8.2079
S 111 127.6 17.3 0.01857 0.523 Pla 6.8264
S 100 106 20.8 0.00731 1.174 Pla 15.2201
S 133 108.9 19.6 0.01015 1.586 Pla 5.8052
F 99 108.6 19.8 0.01269 4.202 Pla 9.9464
F 132 165.7 21.6 0.01227 1.808 Pla 4.9244
S 128 129.8 22.6 0.01113 1.449 Pla 6.5
S 142 117.7 22.1 0.01245 0.627 Pla 5.3009
S 127 192.9 21.7 0.01641 5.103 Pla 7.3553
S 127 141.6 24.4 0.01125 5.597 Pla 8.86
S 169 157.8 25.3 0.01137 5.442 Pla 9.3536
F 102 92.3 20.9 0.01127 1.247 Pla 11.4739
S 124 197.7 16.3 0.01798 3.349 Pla 7.5584
S 106 153.6 20.6 0.01508 1.04 Pla 14.1485
S 134 128.7 24.3 0.01084 1.415 Pla 14.4402
S 151 166 22.3 0.01164 2.072 Pla 7.7885
F 158 143.6 23.4 0.01166 0.732 Pla 6.8659
F 126 168.9 22.8 0.01526 0.754 Pla 3.4986
S 130 200.6 27.2 0.00931 7.455 Pla 7.8549
S 170 209 24.1 0.01575 5.133 Pla 5.2773
S 83 84.8 23.1 0.0119 0.439 Pla 19.891
S 112 118.5 21.8 0.01016 0.756 Pla 16.9729
S 140 159.4 20.7 0.01715 0.98 Pla 4.9406
F 121 100.4 21.6 0.01474 0.446 Pla 5.7567
F 125 145.3 21.6 0.01571 1.267 Pla 4.3139
S 182 190.4 19.6 0.02153 1.58 Pla 5.0567
S 112 150.3 20.9 0.01644 4.819 Pla 7.5664
S 153 119.7 24.1 0.01074 1.375 Pla 6.0374
F 150 109.1 25.4 0.01358 0.258 Pla 5.3852
F 174 127.8 25.8 0.014 1.178 Pla 5.5154
S 172 126.5 27.6 0.01133 0.955 Pla 5.5543
S 166 157.2 27.5 0.01431 0.745 Pla 4.9244
S 183 141.5 27.8 0.01136 1.182 Pla 7.3335
S 157 146.6 27.5 0.01796 1.562 Pla 4.8877
S 198 137.5 27 0.01589 0.667 Pla 4.7802
F 184 121.4 27.3 0.01609 0.941 Pla 5.4424
F 162 122.4 26.9 0.01288 0.467 Pla 6.8622
S 164 168.4 27.6 0.01679 0.922 Pla 7.5505
S 162 174.3 28.7 0.01697 1.147 Pla 5.9169
S 175 161 27.6 0.01875 0.858 Pla 6.908
S 228 166 27.3 0.01824 0.85 Pla 6.7067
F 202 181.2 27 0.01685 2.572 Pla 6.2817
F 146 135.1 24.8 0.01507 0.476 Pla 6.1008
F 95 129 23.4 0.02076 0.319 Pla 5.9008
S 115 112.5 24.1 0.01443 1.897 Pla 5.9808
S 141 144.7 26.4 0.01739 3.525 Pla 10.1833
F 166 173.5 18.2 0.00655 0.328 Pla 5.7706
S 128 165 18.8 0.00526 1.58 Pla 7.4095
S 103 123.5 17.1 0.004 3.081 Pla 12.2037
F 106 151.3 14.7 0.00542 0.939 Pla 15.5878
S 114 144.5 15.9 0.00369 7.099 Pla 10.3788
S 113 166 14.4 0.0069 21.348 Pla 1.9647
S 114 169.9 18.2 0.00423 6.401 Pla 5.5009
S 128 162.4 16.3 0.00602 1.465 Pla 11.8309
F 103 158.4 13.8 0.01039 4.17 Pla 7.7698
F 119 139.4 15 0.00607 2.189 Pla 7.642
S 108 131.8 11.5 0.00856 0.959 Pla 3.8079
S 101 143.8 12.4 0.00886 1.007 Pla 7.1694
S 96 131.9 11.8 0.00582 1.105 Pla 17.6867
S 134 178.4 18.5 0.00496 6.697 Pla 7.4108
S 142 160.6 17.1 0.0062 0.608 Pla 5.9464
F 125 148.5 17.2 0.00527 0.4 Pla 6.1074
F 125 164.4 17 0.00597 1.821 Pla 7.7006
S 103 128.5 16.4 0.00548 0.947 Pla 16.8241
S 132 172.6 20.1 0.00784 6.421 Pla 7.3498
S 140 197.8 20.8 0.0107 1.733 Pla 4.9769
S 148 196 21.6 0.01077 1.912 Pla 3.8013
S 174 175.6 21.7 0.00927 1.268 Pla 4.9031
F 183 186.2 20.8 0.00915 1.532 Pla 5.0695
F 134 177.8 21.9 0.01017 1.152 Pla 4.0361
S 109 157.3 23.9 0.01549 1.672 Pla 12.4403
S 135 178 21.2 0.01085 2.109 Pla 5.3226
S 150 200.1 18.9 0.01176 0.999 Pla 2.4
S 152 184.6 18.2 0.01271 0.784 Pla 2.9833
S 146 211.4 21.8 0.01076 1.574 Pla 3.8601
F 125 183.7 22.4 0.00451 3.402 Pla 10.7005
F 106 127 21.7 0.00384 1.233 Pla 14.7922
S 73 126.1 21.5 0.00563 0.868 Pla 16.4268
S 112 134.8 14.6 0.00697 1.123 Pla 5.5866
S 141 198.4 15.8 0.00667 2.633 Pla 7.0178
S 130 143.2 14.5 0.00615 1.114 Pla 6.6483
F 101 158.8 15.2 0.00808 0.716 Pla 6.5765
F 110 159.2 16.2 0.00693 0.357 Pla 6.8154
S 117 160.3 18.6 0.00866 1.532 Pla 8.3487
S 123 202 21.7 0.00779 3.989 Pla 8.5913
S 142 179.4 22.8 0.00847 2.518 Pla 7.0456
S 164 252.1 23 0.0098 2.234 Pla 4.9649
F 155 195.9 23.6 0.0098 1.723 Pla 4.5222
S 129 197.4 24 0.01267 0.54 Pla 1.0817
S 125 195.7 24.1 0.01168 1.213 Pla 3.4409
S 133 197.4 23.2 0.0139 1.179 Pla 2.4042
S 116 180.8 23.3 0.01097 1.227 Pla 3.6797
S 105 167.7 22.8 0.01103 0.414 Pla 5.728
F 112 164.1 23.3 0.00947 0.419 Pla 5.1865
F 104 172.8 25 0.00876 0.628 Pla 4.7707
S 114 146.7 25.9 0.00813 0.672 Pla 5.794
S 165 145.4 26 0.00867 0.561 Pla 6.0959
S 76 156.5 22.6 0.01206 1.458 Pla 5.3852
S 125 117.3 21.6 0.00953 1.468 Pla 11.8714
S 95 98.2 21.1 0.00506 0.709 Pla 19.3349
F 137 126.6 22.8 0.00623 0.992 Pla 5.5902
F 105 191.3 23.7 0.01076 2.188 Pla 3.9962
S 78 150.9 20.1 0.01262 1.139 Pla 4.3417
S 66 116.2 20.9 0.00968 1.526 Pla 12.054
S 92 153.1 21.4 0.00648 3.069 Pla 12.1314
F 114 166.7 19.6 0.00675 2.444 Pla 12.0304
F 65 170.5 20.6 0.00826 1.573 Pla 4.9769
S 141 193.8 23.6 0.00802 1.913 Pla 3.9205
S 169 205.4 22.4 0.00774 2.084 Pla 6.9721
S 143 189.7 21 0.01334 0.634 Pla 3.1401
F 132 182.9 21.9 0.00916 0.913 Pla 5.5973
S 144 171.6 22.4 0.00886 0.43 Pla 5.728
F 125 180.2 24.4 0.00991 0.536 Pla 5.6859
F 142 284.7 28.5 0.00729 2.282 Pla 4.14
S 104 206.4 20.6 0.01183 1.639 Pla 3.1953
S 84 127.1 22.2 0.0085 2.057 Pla 14.0417
S 118 118.2 25.8 0.00383 1.772 Pla 16.2373
S 84 108.8 26.4 0.00615 0.778 Pla 17.0294
S 129 132.1 25.5 0.00352 1.425 Pla 14.9241
F 113 208.9 22.2 0.00731 5.804 Pla 9.0139
F 79 168.8 22.4 0.00954 0.427 Pla 5.3254
S 102 161.3 22.7 0.01198 0.625 Pla 5.3235
S 104 163.3 24.1 0.00927 0.28 Pla 4.3012
S 117 162.9 25 0.00982 0.894 Pla 6.1847
S 117 165.3 25.7 0.00985 1.235 Pla 7.0328
S 110 179.1 25.3 0.01206 2.3 Pla 7.1694
F 114 160.5 24.9 0.0077 3.407 Pla 10.4652
F 111 137.1 22.2 0.00473 3.801 Pla 11.8119
S 103 180.7 24.6 0.00605 4.663 Pla 7.3348
S 107 173.8 20.2 0.01053 1.557 Pla 5.0448
S 105 142.3 22.7 0.00795 1.04 Pla 17.3234
S 106 138.4 22.8 0.00491 1.048 Pla 17.6011
S 128 122.7 25.8 0.00465 3.337 Pla 7.8
F 93 120 25.9 0.00508 0.691 Pla 16.7108
F 77 91.3 22.6 0.00646 0.627 Pla 19.1024
S 104 146 19.1 0.01101 1.152 Pla 6.456
S 112 130.5 19.8 0.00735 0.598 Pla 6.5924
S 121 200.2 18.3 0.01275 1.159 Pla 4.1183
S 105 123 24.7 0.00461 0.928 Pla 13.1522
F 96 106.2 23.9 0.00573 1.745 Pla 12.567
F 94 107.1 22.8 0.00705 1.837 Pla 11.5447
S 98 139.9 21.6 0.00551 0.754 Pla 5.7079
S 111 152.3 21.9 0.01036 4.564 Pla 7.506
F 73 123.5 18.6 0.00624 4.207 Pla 8
F 78 159.1 16.1 0.0084 2.913 Pla 6.382
S 83 145.3 19.5 0.00881 0.911 Pla 17.3658
S 73 119.2 21.8 0.00455 0.663 Pla 16.1276
S 115 174.6 20.3 0.00928 3.168 Pla 5.5362
S 100 119.8 19.4 0.00676 0.657 Pla 6.5
S 89 149.4 22.6 0.00801 5.316 Pla 7.931
F 70 148 18.8 0.00914 4.143 Pla 3.0017
F 104 123 18.1 0.01358 0.71 Pla 2.4739
S 122 208.4 21.2 0.01111 3.13 Pla 3.0265
S 119 208.3 22.6 0.01095 2.673 Pla 3.4785
S 110 159.9 22.9 0.00687 1.978 Pla 4.5277
S 94 131.2 20.8 0.00989 0.558 Pla 5.3759
S 104 195.2 23.7 0.00965 1.6 Pla 3.759
F 100 175.6 23.7 0.00949 1.447 Pla 4.9031
F 90 140.5 22.3 0.00821 0.415 Pla 4.982
S 89 162.6 19.2 0.00955 1.674 Pla 16.6652
S 77 103.7 17.1 0.0126 0.73 Pla 16.676
S 68 106.7 16.6 0.01243 0.915 Pla 17.2308
S 65 123 16.3 0.01161 0.756 Pla 3.7947
F 77 130.3 17.3 0.01306 0.814 Pla 5.7706
S 74 124.1 17.8 0.00763 6.437 Pla 7.1063
S 80 134.5 16.3 0.01075 1.477 Pla 3.6056
S 93 177.3 20.4 0.00928 5.375 Pla 5.9908
S 116 233.6 22.1 0.01048 4.843 Pla 4.8052
S 60 162.5 15.8 0.00789 3.166 Pla 2.7203
S 74 198.4 16.2 0.00811 8.349 Pla 4.0311
S 121 191.7 16.4 0.00722 2.101 Pla 3.8
F 93 221.2 16.7 0.00919 2.29 Pla 2.3022
